4 542655 67437.973 67037.716
7905 628404 99918.255 71984.010
12755 572054 99995.702 64402.720
3955 560254 81045.945 63671.589
4 547655 71277.269 74071.370
0 530550 45606.455 63915.317
4 423706 52852.811 59755.686
53 362755 50165.720 65433.607
8802 567603 96436.956 66339.816
0 529300 52046.066 80841.278
3903 555803 80093.618 63352.089
6705 462253 81149.934 54565.189
12205 479903 103016.217 52113.381
7952 586802 104112.362 60743.272
0 494800 28642.126 53477.453
6153 567603 96207.774 68454.492
3955 563754 86776.722 64912.404
2206 482304 85282.057 53647.289
53 564953 85294.220 59956.259
3853 555803 78505.174 65775.991
26605 574953 113009.617 62738.944
4 438903 50133.657 65519.935
4852 468954 79989.892 55598.320
